1.000	0.999	0.999	-0.044	0.877	0.973	-0.004	0.012	-0.068	0.948	0.969	0.904	0.030	0.036	0.025	0.948	0.429	0.910	0.939	0.878	0.834	0.769	0.955	0.971	0.991	0.954	0.962	0.946	0.769	0.987	0.976	0.690	0.387	0.490	0.491	0.503	0.502	0.584	0.551	0.219	-0.154	-0.095
0.999	1.000	0.996	-0.023	0.869	0.969	0.012	-0.022	-0.088	0.944	0.968	0.898	0.025	0.030	0.018	0.944	0.424	0.906	0.933	0.874	0.834	0.778	0.957	0.973	0.989	0.946	0.958	0.943	0.759	0.988	0.974	0.693	0.376	0.484	0.484	0.497	0.494	0.578	0.545	0.226	-0.162	-0.096
0.999	0.996	1.000	-0.066	0.885	0.976	-0.023	0.049	-0.047	0.949	0.968	0.908	0.036	0.043	0.032	0.949	0.433	0.914	0.944	0.880	0.832	0.759	0.950	0.966	0.991	0.961	0.965	0.947	0.777	0.983	0.975	0.686	0.398	0.496	0.497	0.509	0.509	0.589	0.557	0.211	-0.146	-0.094
-0.044	-0.023	-0.066	1.000	-0.139	-0.110	0.371	-0.547	-0.086	-0.089	-0.061	-0.126	-0.154	-0.195	-0.141	-0.089	-0.085	-0.098	-0.149	-0.102	-0.049	0.106	0.049	0.023	-0.070	-0.170	-0.107	-0.091	-0.139	-0.005	-0.049	0.005	-0.142	-0.127	-0.127	-0.130	-0.188	-0.157	-0.235	-0.010	-0.002	0.014
0.877	0.869	0.885	-0.139	1.000	0.817	0.091	0.107	0.029	0.737	0.772	0.679	-0.172	-0.140	-0.183	0.737	0.346	0.831	0.771	0.688	0.538	0.413	0.906	0.916	0.828	0.854	0.846	0.782	0.863	0.865	0.859	0.641	0.226	0.632	0.632	0.647	0.575	0.700	0.593	0.042	-0.066	0.019
0.973	0.969	0.976	-0.110	0.817	1.000	-0.187	0.084	-0.023	0.961	0.967	0.937	0.108	0.098	0.114	0.961	0.446	0.900	0.964	0.875	0.865	0.784	0.876	0.900	0.990	0.949	0.973	0.972	0.717	0.939	0.954	0.637	0.453	0.430	0.431	0.441	0.468	0.536	0.539	0.203	-0.151	-0.081
-0.004	0.012	-0.023	0.371	0.091	-0.187	1.000	-0.368	-0.224	-0.136	-0.085	-0.202	-0.370	-0.323	-0.407	-0.136	-0.088	-0.069	-0.178	-0.084	-0.165	-0.113	0.168	0.148	-0.087	-0.089	-0.126	-0.171	0.075	0.068	-0.009	0.083	-0.287	0.093	0.091	0.096	0.007	0.047	-0.075	0.053	-0.005	-0.056
0.012	-0.022	0.049	-0.547	0.107	0.084	-0.368	1.000	0.467	0.056	0.015	0.109	0.121	0.153	0.141	0.056	0.087	0.064	0.108	0.062	0.020	-0.107	-0.052	-0.052	0.034	0.122	0.079	0.052	0.156	-0.029	0.019	-0.052	0.201	0.161	0.161	0.156	0.182	0.154	0.134	-0.136	0.160	-0.007
-0.068	-0.088	-0.047	-0.086	0.029	-0.023	-0.224	0.467	1.000	-0.105	-0.117	-0.087	-0.225	-0.236	-0.184	-0.105	0.055	-0.022	-0.089	-0.117	-0.183	-0.156	-0.062	-0.065	-0.065	-0.092	-0.039	-0.068	0.078	-0.083	-0.068	-0.056	0.045	0.117	0.117	0.108	-0.012	0.095	-0.194	-0.548	0.337	0.290
0.948	0.944	0.949	-0.089	0.737	0.961	-0.136	0.056	-0.105	1.000	0.995	0.991	0.284	0.273	0.278	1.000	0.404	0.913	0.978	0.952	0.926	0.853	0.831	0.855	0.974	0.941	0.920	0.927	0.651	0.930	0.922	0.624	0.509	0.384	0.385	0.397	0.450	0.480	0.511	0.284	-0.169	-0.156
0.969	0.968	0.968	-0.061	0.772	0.967	-0.085	0.015	-0.117	0.995	1.000	0.971	0.222	0.224	0.208	0.995	0.413	0.921	0.974	0.938	0.911	0.847	0.873	0.895	0.985	0.948	0.939	0.939	0.690	0.952	0.949	0.629	0.469	0.421	0.422	0.434	0.475	0.519	0.529	0.281	-0.169	-0.153
0.904	0.898	0.908	-0.126	0.679	0.937	-0.202	0.109	-0.087	0.991	0.971	1.000	0.362	0.334	0.367	0.991	0.386	0.889	0.968	0.955	0.931	0.847	0.761	0.788	0.943	0.917	0.880	0.897	0.588	0.885	0.871	0.607	0.553	0.329	0.330	0.340	0.410	0.421	0.478	0.283	-0.167	-0.158
0.030	0.025	0.036	-0.154	-0.172	0.108	-0.370	0.121	-0.225	0.284	0.222	0.362	1.000	0.963	0.978	0.284	0.022	0.150	0.254	0.340	0.359	0.309	-0.139	-0.116	0.106	0.139	0.029	0.086	-0.193	0.030	0.020	-0.027	0.332	-0.206	-0.206	-0.204	0.014	-0.177	0.076	0.374	-0.133	-0.299
0.036	0.030	0.043	-0.195	-0.140	0.098	-0.323	0.153	-0.236	0.273	0.224	0.334	0.963	1.000	0.887	0.273	0.038	0.163	0.250	0.322	0.326	0.279	-0.111	-0.093	0.100	0.149	0.044	0.084	-0.116	0.030	0.048	-0.090	0.291	-0.131	-0.131	-0.125	0.092	-0.100	0.124	0.407	-0.097	-0.375
0.025	0.018	0.032	-0.141	-0.183	0.114	-0.407	0.141	-0.184	0.278	0.208	0.367	0.978	0.887	1.000	0.278	0.012	0.135	0.248	0.336	0.365	0.312	-0.156	-0.130	0.106	0.129	0.020	0.087	-0.233	0.027	-0.001	0.018	0.352	-0.242	-0.242	-0.242	-0.034	-0.217	0.045	0.323	-0.146	-0.226
0.948	0.944	0.949	-0.089	0.737	0.961	-0.136	0.056	-0.105	1.000	0.995	0.991	0.284	0.273	0.278	1.000	0.404	0.913	0.978	0.952	0.926	0.853	0.831	0.855	0.974	0.941	0.920	0.927	0.651	0.930	0.922	0.624	0.509	0.384	0.385	0.397	0.450	0.480	0.511	0.284	-0.169	-0.156
0.429	0.424	0.433	-0.085	0.346	0.446	-0.088	0.087	0.055	0.404	0.413	0.386	0.022	0.038	0.012	0.404	1.000	0.298	0.396	0.340	0.294	0.250	0.398	0.392	0.430	0.461	0.445	0.451	0.308	0.403	0.451	0.189	0.173	0.148	0.148	0.153	0.180	0.201	0.237	0.117	-0.099	-0.034
0.910	0.906	0.914	-0.098	0.831	0.900	-0.069	0.064	-0.022	0.913	0.921	0.889	0.150	0.163	0.135	0.913	0.298	1.000	0.909	0.855	0.720	0.665	0.839	0.868	0.913	0.879	0.889	0.864	0.747	0.891	0.882	0.643	0.386	0.533	0.534	0.547	0.546	0.628	0.551	0.128	-0.041	-0.107
0.939	0.933	0.944	-0.149	0.771	0.964	-0.178	0.108	-0.089	0.978	0.974	0.968	0.254	0.250	0.248	0.978	0.396	0.909	1.000	0.911	0.882	0.775	0.819	0.847	0.965	0.947	0.939	0.944	0.670	0.906	0.928	0.583	0.473	0.398	0.399	0.411	0.473	0.501	0.562	0.261	-0.166	-0.132
0.878	0.874	0.880	-0.102	0.688	0.875	-0.084	0.062	-0.117	0.952	0.938	0.955	0.340	0.322	0.336	0.952	0.340	0.855	0.911	1.000	0.875	0.791	0.769	0.787	0.903	0.888	0.809	0.808	0.597	0.888	0.831	0.653	0.518	0.343	0.344	0.357	0.388	0.410	0.433	0.295	-0.190	-0.147
0.834	0.834	0.832	-0.049	0.538	0.865	-0.165	0.020	-0.183	0.926	0.911	0.931	0.359	0.326	0.365	0.926	0.294	0.720	0.882	0.875	1.000	0.911	0.696	0.714	0.879	0.838	0.812	0.846	0.472	0.817	0.809	0.520	0.565	0.210	0.211	0.219	0.316	0.299	0.406	0.368	-0.228	-0.193
0.769	0.778	0.759	0.106	0.413	0.784	-0.113	-0.107	-0.156	0.853	0.847	0.847	0.309	0.279	0.312	0.853	0.250	0.665	0.775	0.791	0.911	1.000	0.651	0.673	0.810	0.722	0.716	0.755	0.382	0.774	0.748	0.485	0.447	0.171	0.172	0.178	0.245	0.242	0.282	0.345	-0.211	-0.184
0.955	0.957	0.950	0.049	0.906	0.876	0.168	-0.052	-0.062	0.831	0.873	0.761	-0.139	-0.111	-0.156	0.831	0.398	0.839	0.819	0.769	0.696	0.651	1.000	0.990	0.909	0.873	0.890	0.853	0.793	0.959	0.927	0.699	0.276	0.539	0.539	0.554	0.503	0.618	0.511	0.164	-0.115	-0.072
0.971	0.973	0.966	0.023	0.916	0.900	0.148	-0.052	-0.065	0.855	0.895	0.788	-0.116	-0.093	-0.130	0.855	0.392	0.868	0.847	0.787	0.714	0.673	0.990	1.000	0.931	0.894	0.909	0.874	0.799	0.973	0.945	0.705	0.269	0.548	0.548	0.562	0.519	0.627	0.536	0.172	-0.128	-0.068
0.991	0.989	0.991	-0.070	0.828	0.990	-0.087	0.034	-0.065	0.974	0.985	0.943	0.106	0.100	0.106	0.974	0.430	0.913	0.965	0.903	0.879	0.810	0.909	0.931	1.000	0.954	0.967	0.962	0.729	0.970	0.968	0.667	0.434	0.445	0.446	0.457	0.475	0.544	0.541	0.235	-0.166	-0.103
0.954	0.946	0.961	-0.170	0.854	0.949	-0.089	0.122	-0.092	0.941	0.948	0.917	0.139	0.149	0.129	0.941	0.461	0.879	0.947	0.888	0.838	0.722	0.873	0.894	0.954	1.000	0.937	0.926	0.730	0.931	0.938	0.624	0.453	0.451	0.451	0.466	0.509	0.549	0.580	0.254	-0.158	-0.132
0.962	0.958	0.965	-0.107	0.846	0.973	-0.126	0.079	-0.039	0.920	0.939	0.880	0.029	0.044	0.020	0.920	0.445	0.889	0.939	0.809	0.812	0.716	0.890	0.909	0.967	0.937	1.000	0.986	0.788	0.905	0.961	0.576	0.411	0.489	0.490	0.502	0.534	0.612	0.603	0.187	-0.096	-0.119
0.946	0.943	0.947	-0.091	0.782	0.972	-0.171	0.052	-0.068	0.927	0.939	0.897	0.086	0.084	0.087	0.927	0.451	0.864	0.944	0.808	0.846	0.755	0.853	0.874	0.962	0.926	0.986	1.000	0.675	0.888	0.942	0.570	0.432	0.391	0.392	0.402	0.470	0.525	0.565	0.225	-0.133	-0.125
0.769	0.759	0.777	-0.139	0.863	0.717	0.075	0.156	0.078	0.651	0.690	0.588	-0.193	-0.116	-0.233	0.651	0.308	0.747	0.670	0.597	0.472	0.382	0.793	0.799	0.729	0.730	0.788	0.675	1.000	0.729	0.781	0.447	0.226	0.729	0.730	0.743	0.635	0.775	0.585	-0.004	0.066	-0.064
0.987	0.988	0.983	-0.005	0.865	0.939	0.068	-0.029	-0.083	0.930	0.952	0.885	0.030	0.030	0.027	0.930	0.403	0.891	0.906	0.888	0.817	0.774	0.959	0.973	0.970	0.931	0.905	0.888	0.729	1.000	0.949	0.734	0.359	0.473	0.473	0.486	0.464	0.546	0.501	0.230	-0.184	-0.078
0.976	0.974	0.975	-0.049	0.859	0.954	-0.009	0.019	-0.068	0.922	0.949	0.871	0.020	0.048	-0.001	0.922	0.451	0.882	0.928	0.831	0.809	0.748	0.927	0.945	0.968	0.938	0.961	0.942	0.781	0.949	1.000	0.524	0.313	0.511	0.512	0.523	0.544	0.611	0.577	0.221	-0.147	-0.106
0.690	0.693	0.686	0.005	0.641	0.637	0.083	-0.052	-0.056	0.624	0.629	0.607	-0.027	-0.090	0.018	0.624	0.189	0.643	0.583	0.653	0.520	0.485	0.699	0.705	0.667	0.624	0.576	0.570	0.447	0.734	0.524	1.000	0.279	0.252	0.252	0.263	0.191	0.284	0.276	0.120	-0.142	0.007
0.387	0.376	0.398	-0.142	0.226	0.453	-0.287	0.201	0.045	0.509	0.469	0.553	0.332	0.291	0.352	0.509	0.173	0.386	0.473	0.518	0.565	0.447	0.276	0.269	0.434	0.453	0.411	0.432	0.226	0.359	0.313	0.279	1.000	0.089	0.090	0.093	0.070	0.131	0.107	0.107	-0.008	-0.116
0.490	0.484	0.496	-0.127	0.632	0.430	0.093	0.161	0.117	0.384	0.421	0.329	-0.206	-0.131	-0.242	0.384	0.148	0.533	0.398	0.343	0.210	0.171	0.539	0.548	0.445	0.451	0.489	0.391	0.729	0.473	0.511	0.252	0.089	1.000	1.000	0.995	0.829	0.932	0.641	-0.114	0.086	0.045
0.491	0.484	0.497	-0.127	0.632	0.431	0.091	0.161	0.117	0.385	0.422	0.330	-0.206	-0.131	-0.242	0.385	0.148	0.534	0.399	0.344	0.211	0.172	0.539	0.548	0.446	0.451	0.490	0.392	0.730	0.473	0.512	0.252	0.090	1.000	1.000	0.996	0.828	0.933	0.642	-0.115	0.085	0.047
0.503	0.497	0.509	-0.130	0.647	0.441	0.096	0.156	0.108	0.397	0.434	0.340	-0.204	-0.125	-0.242	0.397	0.153	0.547	0.411	0.357	0.219	0.178	0.554	0.562	0.457	0.466	0.502	0.402	0.743	0.486	0.523	0.263	0.093	0.995	0.996	1.000	0.826	0.933	0.650	-0.108	0.096	0.027
0.502	0.494	0.509	-0.188	0.575	0.468	0.007	0.182	-0.012	0.450	0.475	0.410	0.014	0.092	-0.034	0.450	0.180	0.546	0.473	0.388	0.316	0.245	0.503	0.519	0.475	0.509	0.534	0.470	0.635	0.464	0.544	0.191	0.070	0.829	0.828	0.826	1.000	0.872	0.809	0.054	0.059	-0.123
0.584	0.578	0.589	-0.157	0.700	0.536	0.047	0.154	0.095	0.480	0.519	0.421	-0.177	-0.100	-0.217	0.480	0.201	0.628	0.501	0.410	0.299	0.242	0.618	0.627	0.544	0.549	0.612	0.525	0.775	0.546	0.611	0.284	0.131	0.932	0.933	0.933	0.872	1.000	0.703	-0.098	0.110	0.002
0.551	0.545	0.557	-0.235	0.593	0.539	-0.075	0.134	-0.194	0.511	0.529	0.478	0.076	0.124	0.045	0.511	0.237	0.551	0.562	0.433	0.406	0.282	0.511	0.536	0.541	0.580	0.603	0.565	0.585	0.501	0.577	0.276	0.107	0.641	0.642	0.650	0.809	0.703	1.000	0.190	-0.116	-0.102
0.219	0.226	0.211	-0.010	0.042	0.203	0.053	-0.136	-0.548	0.284	0.281	0.283	0.374	0.407	0.323	0.284	0.117	0.128	0.261	0.295	0.368	0.345	0.164	0.172	0.235	0.254	0.187	0.225	-0.004	0.230	0.221	0.120	0.107	-0.114	-0.115	-0.108	0.054	-0.098	0.190	1.000	-0.591	-0.555
-0.154	-0.162	-0.146	-0.002	-0.066	-0.151	-0.005	0.160	0.337	-0.169	-0.169	-0.167	-0.133	-0.097	-0.146	-0.169	-0.099	-0.041	-0.166	-0.190	-0.228	-0.211	-0.115	-0.128	-0.166	-0.158	-0.096	-0.133	0.066	-0.184	-0.147	-0.142	-0.008	0.086	0.085	0.096	0.059	0.110	-0.116	-0.591	1.000	-0.343
-0.095	-0.096	-0.094	0.014	0.019	-0.081	-0.056	-0.007	0.290	-0.156	-0.153	-0.158	-0.299	-0.375	-0.226	-0.156	-0.034	-0.107	-0.132	-0.147	-0.193	-0.184	-0.072	-0.068	-0.103	-0.132	-0.119	-0.125	-0.064	-0.078	-0.106	0.007	-0.116	0.045	0.047	0.027	-0.123	0.002	-0.102	-0.555	-0.343	1.000
